SampleID	height	tiller	wetWeight
B4017Ha	104	18	111.96
B4017Hb	110	21	110.67
B4017Hc	109	19	112.28
B4017Hd	105	21	107.96
B4017He	107	17	98.04
B4017Hf	94	18	97.58
B4017Hg	105	21	119.17
B4017Hh	108	20	104.36
B4017Hi	95	13	61.29
D4032Ha	80	20	71.7
D4032Hb	80	11	39.45
D4032Hc	78	23	97.31
D4032Hd	74	28	97.32
D4032He	84	28	112.3
D4032Hf	73	22	66.41
D4032Hg	78	26	91.16
D4032Hh	81	25	89.88
D4032Hi	92	21	84.51
E4041Ha	97	52	156.71
E4041Hb	92	41	109.74
E4041Hc	96	38	126.96
E4041Hd	107	40	151.16
E4041He	112	37	133.02
E4041Hf	102	34	117.16
E4041Hg	98	35	122.59
E4041Hh	106	34	129.47
E4041Hi	105	49	145.87
E4042Ha	87	39	119.14
E4042Hb	92	33	113.38
E4042Hc	96	21	86.84
E4042Hd	85	55	148.01
E4042He	88	23	70.67
E4042Hf	86	31	74.1
E4042Hg	87	22	80.17
E4042Hh	84	47	114.37
E4042Hi	88	45	131.4
E4046Ha	102	26	185.92
E4046Hb	86	24	103.03
E4046Hc	86	25	93.51
E4046Hd	90	27	112.79
E4046He	87	20	94.15
E4046Hf	83	26	102.1
E4046Hg	91	26	107.76
E4046Hh	107	33	196.1
E4046Hi	99	36	162.58
E4047Ha	96	44	153.02
E4047Hb	95	32	114.03
E4047Hc	93	34	108.56
E4047Hd	98	37	111.32
E4047He	101	35	138.29
E4047Hf	97	38	134.11
E4047Hg	95	28	90.62
E4047Hh	91	40	143.2
E4047Hi	82	30	103.2
E4048Ha	53	21	33.48
E4048Hb	56	27	42.3
E4048Hc	53	18	29.39
E4048Hd	47	23	25.37
E4048He	50	21	26.78
E4048Hf	53	12	18.18
E4048Hg	59	22	39.77
E4048Hh	50	27	41.65
E4048Hi	59	28	46.18
E4050Ha	104	31	126.28
E4050Hb	118	31	140.91
E4050Hc	109	26	121.06
E4050Hd	108	34	150.4
E4050He	114	27	174.56
E4050Hf	108	28	123.99
E4050Hg	108	37	167.27
E4050Hh	104	37	165.84
E4050Hi	107	27	117.42
F4051Ha	108	35	139.13
F4051Hb	116	31	143.33
F4051Hc	98	32	135.17
F4051Hd	96	22	111.12
F4051He	108	28	151.13
F4051Hf	110	30	142.14
F4051Hg	108	22	79.49
F4051Hh	102	17	81.65
F4051Hi	101	23	95.17
F4053Ha	89	24	110.95
F4053Hb	88	29	115.36
F4053Hc	100	30	124.11
F4053Hd	95	27	118.54
F4053He	91	24	113.14
F4053Hf	100	30	116.88
F4053Hg	89	31	119.98
F4053Hh	97	35	135.01
F4053Hi	92	31	114.22
F4054Ha	86	28	86.32
F4054Hb	89	38	161.25
F4054Hc	90	34	136.88
F4054Hd	90	30	106.52
F4054He	88	35	135.02
F4054Hf	94	29	119.59
F4054Hg	84	44	173.93
F4054Hh	91	25	102.04
F4054Hi	90	30	116.39
F4055Ha	99	21	126.27
F4055Hb	101	33	180.39
F4055Hc	105	29	174.46
F4055Hd	94	23	143.01
F4055He	94	17	84.48
F4055Hf	92	18	92.53
F4055Hg	90	23	121.89
F4055Hh	100	22	160.38
F4055Hi	93	12	68.81
F4059Ha	94	17	73.42
F4059Hb	127	21	170.84
F4059Hc	119	16	114.41
F4059Hd	120	24	160.21
F4059He	103	27	99.66
F4059Hf	99	21	100.36
F4059Hg	112	23	156.51
F4059Hh	111	38	176.76
F4059Hi	104	26	129.59
F4060Ha	71	29	109.47
F4060Hb	72	35	122.37
F4060Hc	68	40	127.06
F4060Hd	69	32	117.46
F4060He	66	29	90.96
F4060Hf	69	34	101.43
F4060Hg	65	29	95.53
F4060Hh	64	35	112.06
F4060Hi	71	27	101.32
J4086Ha	62.5	20	66.94
J4086Hb	60	26	79.78
J4086Hc	81	44	148.3
H4072Ha	96	37	203
H4072Hb	102	33	157.4
H4072Hc	100	23	143.22
H4072Hd	94	24	129.81
H4072He	104	30	161.26
H4072Hf	100	39	260.89
H4072Hg	99	32	156.41
H4072Hh	98	25	135.83
H4072Hi	107	33	193.62
H4074Ha	67.5	24	108.2
H4074Hb	68	23	84.2
H4074Hc	68	26	115.7
H4074Hd	68	26	120.03
H4074He	71	24	122.45
H4074Hf	72	31	143.73
H4074Hg	69	27	117.53
H4074Hh	71	20	94.12
H4074Hi	70	29	126.42
H4071Ha	79	28	129.6
H4071Hb	85	36	149.32
H4071Hc	90	28	170.94
J4081Ha	76	24	119.51
J4081Hb	77	21	131.69
J4081Hc	71	13	64.19
J4081Hd	78	20	119.6
J4081He	75	22	99.95
J4081Hf	79	21	119.51
J4081Hg	73	13	80.97
J4081Hh	80	19	113.34
J4081Hi	78	19	89.85
J4082Ha	100	18	129.26
J4082Hb	105	16	129.15
J4082Hc	90	12	73.45
J4082Hd	93	14	89.42
J4082He	88	21	115.34
J4082Hf	108	17	119.63
J4082Hg	100	13	102.69
J4082Hh	95	18	125.26
J4082Hi	92	12	82.36
J4083Ha	83	46	219.77
J4083Hb	86	35	148.58
J4083Hc	72	31	119.07
J4083Hd	81	32	141.57
J4083He	82	37	152.21
J4083Hf	81	30	142.14
J4084Ha	95	24	129.74
J4084Hb	91	19	127.64
J4084Hc	98	19	121.38
J4084Hd	95	23	139.74
J4084He	108	22	165
J4084Hf	100	23	167.76
J4085Ha	105	28	267.69
J4085Hb	100	19	152.09
J4085Hc	103	18	122.59
J4085Hd	106	15	128.41
J4085He	104	18	135.37
J4085Hf	99	16	111.12
J4088Ha	105	35	217.8
J4088Hb	110	40	230.49
J4088Hc	113	27	187.44
J4088Hd	110	22	139.23
J4088He	115	37	214.65
J4088Hf	111	35	219.88
J4089Ha	78	41	119.5
J4089Hb	78	46	129.66
J4089Hc	67	37	94.53
J4089Hd	70	45	120.83
J4089He	73	38	113.24
J4089Hf	75	55	161.16
J4090Ha	86	28	113.62
J4090Hb	80	29	122.57
J4090Hc	77	17	55.93
J4090Hd	80	26	115.52
J4090He	83	26	122.26
J4090Hf	81	20	92.47
K4091Ha	97	15	114.78
K4091Hb	104	15	140.57
K4091Hc	92	16	145.64
K4091Hd	110	17	128.99
K4091He	98	14	105.72
K4091Hf	103	14	119.78
K4098Ha	94	41	190.98
K4098Hb	96	29	118.5
K4098Hc	93	43	208.94
K4098Hd	90	26	94.65
K4098He	88	40	184.44
K4098Hf	99	31	147.39
N4123Ha	113	11	103.36
N4123Hb	111	11	149.66
N4123Hc	114	15	154.21
N4123Hd	107	13	147.74
N4123He	115	19	146.52
N4123Hf	114	17	173.58
N4125Ha	99	27	146.49
N4125Hb	104	35	187.13
N4125Hc	106	26	149.89
N4125Hd	102	30	163.3
N4125He	98	26	132.26
N4125Hf	105	22	137.41
P4133Ha	84	35	141.04
P4133Hb	84	23	103.26
P4133Hc	84	24	111.8
P4133Hd	90	27	141.57
P4133He	82	26	122.32
P4133Hf	87	25	114.52
P4138Ha	95	11	87.87
P4138Hb	97	9	64.18
P4138Hc	116	10	132.24
P4138Hd	115	12	140.76
P4138He	115	13	138.96
P4138Hf	113	11	118.34
P4139Ha	98	16	84.74
P4139Hb	98	16	95.33
P4139Hc	102	23	187.31
P4139Hd	101	25	155.34
P4139He	101	24	163.94
P4139Hf	100	24	180.74
P4140Ha	68	16	64.25
P4140Hb	71	31	183.76
P4140Hc	70	35	145.16
P4140Hd	71	36	151.86
P4140He	69	29	130.15
P4140Hf	69	34	137.46
Q4145Ha	76	35	144.21
Q4145Hb	76	38	176.04
Q4145Hc	83	31	134.68
Q4145Hd	73	39	149.23
Q4145He	77	45	205.72
Q4145Hf	75	29	116.07
Q4147Ha	70	15	50.92
Q4147Hb	69	32	102.57
Q4147Hc	73	32	151.68
Q4147Hd	70	30	153.28
Q4147He	74	23	94.37
Q4147Hf	75	28	140.04
Q4148Ha	71	15	60.57
Q4148Hb	84	27	118.24
Q4148Hc	83	31	151.7
Q4148Hd	77	28	112.52
Q4148He	78	14	53.51
Q4148Hf	79	28	133.84
Q4149Ha	95	24	104.99
Q4149Hb	94	29	141.15
Q4149Hc	89	19	90.45
Q4149Hd	89	27	123.77
Q4149He	76	18	78.06
Q4149Hf	88	30	156.91
Q4150Ha	98	47	170.28
Q4150Hb	100	45	177.51
Q4150Hc	102	53	197.6
Q4150Hd	102	47	176.94
Q4150He	102	56	231.54
Q4150Hf	103	40	167.32
R4160Ha	82	40	132.68
R4160Hb	80	37	147.58
R4160Hc	83	54	200.89
R4160Hd	81	37	165.33
R4160He	82	28	123.42
R4160Hf	86	53	233.91
S4170Ha	94	33	193.22
S4170Hb	95	37	183.05
S4170Hc	94	31	148.47
S4170Hd	100	32	154.11
S4170He	98	32	174.3
S4170Hf	95	30	154.09
T4171Ha	102	34	187.27
T4171Hb	90	42	148.99
T4171Hc	98	31	180.78
T4171Hd	94	60	209.12
T4171He	93	30	125.11
T4171Hf	100	33	157.44
T4173Ha	103	33	184.83
T4173Hb	104	25	146.96
T4173Hc	104	34	183.96
T4173Hd	110	22	124.21
T4173He	106	29	157.87
T4173Hf	103	32	186.07
T4175Ha	102	35	176.36
T4175Hb	104	18	98.15
T4175Hc	105	37	202.32
T4175Hd	106	37	202.64
T4175He	102	15	72.6
T4175Hf	102	28	169.86
G4061Ha	58	26	84.38
G4061Hb	62	28	89.48
G4067Ha	92	42	195.94
G4067Hb	104	42	197.33
G4067Hc	100	65	247.63
G4067Hd	95	46	202.2
G4067He	88	26	113.36
G4067Hf	96	38	202.63
T4176Ha	97	40	314.77
T4176Hb	111	31	242.25
T4176Hc	104	29	245.31
T4176Hd	96	27	183.49
T4176He	97	35	231.91
T4176Hf	111	34	268.25
T4177Ha	95	22	164.67
T4177Hb	102	14	122.25
T4177Hc	104	24	199.12
T4177Hd	101	20	171.97
T4177He	100	22	171.35
T4177Hf	95	22	180.59
T4178Ha	102	45	256.29
T4178Hb	110	40	266.14
T4178Hc	112	54	328.25
T4178Hd	110	46	249.83
T4178He	109	31	163.68
T4178Hf	110	23	133.76
T4179Ha	84	24	110.16
T4179Hb	85	23	97.07
T4179Hc	89	25	129.25
T4179Hd	91	28	146.51
T4179He	78	14	52.471
T4179Hf	84	27	118.18
W4195Ha	94	31	152.05
W4195Hb	96	23	139.82
W4195Hc	93	27	138.45
W4195Hd	100	26	129.72
W4195He	91	32	170.78
W4195Hf	96	31	154.43
W4196Ha	80	24	127.31
W4196Hb	94	23	157.07
W4196Hc	92	21	130.6
W4196Hd	79	13	61.88
W4196He	93	46	264.4
W4196Hf	98	21	129.38
W4197Ha	99	17	128.13
W4197Hb	100	18	136.72
W4197Hc	94	16	105.15
W4197Hd	99	19	143.77
W4197He	97	18	118.59
W4197Hf	105	18	133.03
W4198Ha	74	18	80.3
W4198Hb	78	22	84.33
W4198Hc	80	22	99.36
W4198Hd	79	16	69.13
W4198He	71	21	68.18
W4198Hf	79	16	57.56
W4199Ha	81	26	110.13
W4199Hb	88	19	91.3
W4199Hc	87	29	131.64
W4199Hd	86	28	157.46
W4199He	90	23	129.32
W4199Hf	89	23	120.01
X4204Ha	85	48	216.18
X4204Hb	86	43	228.51
X4204Hc	87	41	195.43
X4204Hd	91	46	216.14
X4204He	83	54	218.05
X4204Hf	85	28	136.35
Y4211Ha	113	16	152.8
Y4211Hb	112	17	165.56
Y4211Hc	102	10	96.39
Y4211Hd	100	11	105.65
Y4211He	105	20	167.07
Y4211Hf	102	16	178.54
A4001Ha	120	41	317.13
A4001Hb	99	26	145.54
A4001Hc	90	33	165.47
A4001Hd	99	40	239.77
A4001He	97	13	54.95
A4001Hf	92	27	130.03
A4002Ha	71	36	137.75
A4002Hb	74	26	125.3
A4002Hc	74	21	129.68
A4002Hd	74	19	117.09
A4002He	80	20	103.45
A4002Hf	80	18	96.6
A4004Ha	61	41	132.53
A4004Hb	57	44	116.06
A4004Hc	57	38	105.67
A4004Hd	56	46	123.81
A4004He	60	47	150.08
A4004Hf	56	48	125.75
A4008Ha	83	32	137.85
A4008Hb	81	27	100.4
A4008Hc	87	35	135.O7
A4008Hd	84	31	132.47
A4008He	82	44	196.54
A4008Hf	81	37	152.22
A4010Ha	90	27	103.02
A4010Hb	90	43	167.78
A4010Hc	92	41	162.78
A4010Hd	91	40	154.56
A4010He	95	37	145.82
A4010Hf	93	37	151.59
B4020Ha	91	28	137.25
B4020Hb	90	20	122.46
B4020Hc	73	14	54.31
B4020Hd	96	27	150.19
B4020He	86	21	97.51
B4020Hf	85	29	146.59
C4021Ha	108	19	145.93
C4021Hb	97	16	107.89
C4021Hc	99	17	150.88
C4021Hd	101	18	143.51
C4021He	107	18	157.03
C4021Hf	117	19	145.15
C4022Ha	85	19	90.79
C4022Hb	80	23	112.38
C4022Hc	86	24	123.55
C4022Hd	83	20	103.56
C4022He	85	19	116.51
C4022Hf	86	17	111.36
C4027Ha	95	23	165.05
C4027Hb	94	23	150.46
C4027Hc	103	25	177.37
C4027Hd	91	19	144.35
C4027He	105	16	125.24
C4027Hf	102	22	137.86
E4044Ha	103	18	140.77
E4044Hb	100	22	173.88
E4044Hc	103	29	183.76
E4044Hd	105	25	214.52
E4044He	99	19	143.13
E4044Hf	102	16	98.79
F4058Ha	70	11	43.38
F4058Hb	80	15	69.7
F4058Hc	70	18	69.2
F4058Hd	77	18	101.05
F4058He	77	17	84.5
F4058Hf	71	20	90.645
G4065Ha	78	18	94.5
G4065Hb	80	20	79.96
G4065Hc	74	15	83.84
G4065Hd	79	14	61.15
G4065He	72	27	102.24
G4065Hf	71	16	69
G4068Ha	94	28	172.84
G4068Hb	98	25	152.33
G4068Hc	106	25	171.17
G4068Hd	110	27	190.55
G4068He	87	11	50.51
G4068Hf	110	26	181.93
G4069Ha	27	27	173.83
G4069Hb	89	30	183.51
G4069Hc	84	29	153.94
G4069Hd	87	36	164.84
G4069He	92	27	170.73
G4069Hf	95	30	202.01
H4978Ha	79	27	111.72
H4978Hb	80	19	91.69
H4978Hc	76	26	106.66
H4978Hd	80	26	121.15
H4978He	86	29	141.95
H4978Hf	76	14	59.1
H4079Ha	105	27	142.6
H4079Hb	108	22	113.94
H4079Hc	108	22	98.84
H4079Hd	111	31	181.89
H4079He	101	20	84.51
H4079Hf	87	18	57.7
K4097Ha	89	20	116.31
K4097Hb	76	9	34.75
K4097Hc	96	24	173.83
K4097Hd	100	18	152.7
K4097He	97	33	229.05
K4097Hf	91	22	113.98
K4099Ha	84	25	126.08
K4099Hb	83	37	176.31
K4099Hc	78	34	152.32
K4099Hd	82	31	110.04
K4099He	76	36	112.91
K4099Hf	70	28	71.13
L4101Ha	90	27	123.12
L4101Hb	88	26	112.98
L4101Hc	96	31	137.23
L4101Hd	88	29	130.6
L4101He	83	21	92.3
L4101Hf	93	32	136.27
L4103Ha	89	24	100.98
L4103Hb	87	36	151.5
L4103Hc	88	29	151.55
L4103Hd	100	27	126.35
L4103He	89	18	91.77
L4103Hf	92	29	121.69
L4107Ha	80	23	115.83
L4107Hb	80	25	99.41
L4107Hc	83	24	102.17
L4107Hd	83	20	78.59
L4107He	79	24	98.93
L4107Hf	79	23	97.13
L4108Ha	118	41	250.25
L4108Hb	97	35	211.06
L4108Hc	103	29	179.6
L4108Hd	94	18	93.17
L4108He	94	18	91.25
L4108Hf	96	25	126.97
L4109Ha	100	20	148.29
L4109Hb	105	25	168.25
L4109Hc	109	21	136.36
L4109Hd	103	25	190.82
L4109He	109	26	191.1
L4109Hf	103	14	97.84
L4110Ha	94	41	208.63
L4110Hb	103	22	87.41
L4110Hc	97	25	110.36
L4110Hd	100	31	161.36
L4110He	96	46	218.9
L4110Hf	103	43	213.15
P4136Ha	103	19	119.72
P4136Hb	114	18	132.69
P4136Hc	109	55	320.9
P4136Hd	109	19	155.94
P4136He	104	23	147.2
P4136Hf	111	24	140.24
R4155Ha	103	31	197.35
R4155Hb	107	29	218.04
R4155Hc	111	22	147.65
R4155Hd	92	23	122.26
R4155He	97	20	115.82
R4155Hf	102	32	194.85
R4158Ha	102	30	175.83
R4158Hb	103	32	202.71
R4158Hc	99	26	173.64
R4158Hd	98	28	152.23
R4158He	98	32	212.67
R4158Hf	100	23	152.07
S4166Ha	100	56	353.07
S4166Hb	115	34	205.89
S4166Hc	114	49	283.93
S4166Hd	107	30	182.13
S4166He	120	40	238.14
S4166Hf	105	54	296.79
X4206Ha	105	16	117.69
X4206Hb	103	21	138.02
X4206Hc	121	16	126.28
X4206Hd	101	23	174.96
X4206He	107	20	163.24
X4206Hf	109	17	136.36
X4210Ha	79	33	129.43
X4210Hb	89	40	167.48
X4210Hc	84	53	233.31
X4210Hd	84	48	215.47
X4210He	75	18	57.23
X4210Hf	75	42	171.94
Y4216Ha	74	35	147.62
Y4216Hb	74	28	115.58
Y4216Hc	72	30	98.1
Y4216Hd	73	37	138.51
Y4216He	72	31	121.9
Y4216Hf	74	32	129.97
Y4217Ha	71	37	115.53
Y4217Hb	74	39	126.3
Y4217Hc	65	28	90.5
Y4217Hd	67	34	116.18
Y4217He	80	46	142.7
Y4217Hf	61	32	94.24
U5000Ha	108	31	218.17
U5000Hb	105	26	192.68
U5000Hc	112	29	178.01
U5000Hd	109	21	115.91
U5000He	107	20	138.57
U5000Hf	92	19	111.76
U5001Ha	97	30	214.26
U5001Hb	103	21	147.52
U5001Hc	96	28	162.64
U5001Hd	103	33	188.82
U5001He	94	22	116.97
U5001Hf	108	35	203.21
U5100Ha	83	39	116.78
U5100Hb	85	38	124.8
U5100Hc	89	49	162.27
U5100Hd	94	32	108.66
U5100He	90	29	102.56
U5100Hf	90	33	137.18
U5101Ha	90	29	129.36
U5101Hb	87	21	97.26
U5101Hc	86	23	126.16
U5101Hd	82	22	75.33
U5101He	80	32	117.39
U5101Hf	78	26	105.72
A4003Ha	71	20	52.89
A4003Hb	66	21	73.35
A4003Hc	76	24	100.82
A4003Hd	75	14	56.44
A4003He	72	19	73.41
A4003Hf	68	32	103.57
A4005Ha	78	17	45.84
A4005Hb	76	23	80.94
A4005Hc	86	21	68.57
A4005Hd	71	27	80.72
A4005He	84	23	90.86
A4005Hf	78	19	45.37
A4006Ha	65	27	101.05
A4006Hb	58	22	82.57
A4006Hc	62	19	53.84
A4006Hd	58	25	59.27
A4006He	62	23	68.27
A4006Hf	60	32	79.87
A4007Ha	70	22	55.65
A4007Hb	66	18	38.81
A4007Hc	67	21	69
A4007Hd	73	24	81.07
A4007He	68	15	53.05
A4007Hf	61	18	45.01
A4009Ha	81	17	70.56
A4009Hb	92	17	96.6
A4009Hc	84	23	122.61
A4009Hd	74	19	81.89
A4009He	75	25	83.47
A4009Hf	72	23	76.39
B4011Ha	84	16	92.09
B4011Hb	72	14	62.67
B4011Hc	82	14	53.44
B4011Hd	78	20	87.65
B4011He	83	14	70.21
B4011Hf	76	14	55.29
B4012Ha	73	25	95.85
B4012Hb	66	29	110.3
B4012Hc	64	25	76.73
B4012Hd	72	25	105.48
B4012He	68	21	71.84
B4012Hf	71	18	56.8
B4013Ha	77	22	74.31
B4013Hb	73	31	107.98
B4013Hc	66	23	56.33
B4013Hd	78	22	95.16
B4013He	76	25	84.04
B4013Hf	72	25	85.58
B4014Ha	84	26	115.84
B4014Hb	70	18	62.52
B4014Hc	70	24	66.88
B4014Hd	60	22	59.38
B4015Ha	72	28	68.25
B4015Hb	71	27	80.96
B4015Hc	77	26	81.08
B4015Hd	70	36	109.57
B4015He	74	30	99.35
B4015Hf	73	27	90.45
B4016Ha	57	20	57.96
B4016Hb	68	23	68.14
B4016Hc	71	19	50.24
B4016Hd	67	16	39.11
B4016He	66	30	80.14
B4016Hf	69	19	36.75
B4018Ha	81	42	130.52
B4018Hb	82	29	69.16
B4018Hc	81	31	76.87
B4018Hd	84	21	57.54
B4018He	79	36	100.42
B4018Hf	79	36	103.13
B4019Ha	70	31	102.45
B4019Hb	56	16	29.96
B4019Hc	50	13	16.32
B4019Hd	53	18	23.14
C4023Ha	58	33	75.45
C4023Hb	66	35	102.47
C4023Hc	63	46	114.86
C4023Hd	62	23	53.98
C4023He	70	28	76.09
C4023Hf	59	24	48.38
C4024Ha	83	31	119.8
C4024Hb	77	31	108.39
C4024Hc	76	29	105.81
C4024Hd	87	34	132
C4024He	89	33	152.12
C4024Hf	87	21	105.03
C4025Ha	73	34	130.15
C4025Hb	68	23	57.85
C4025Hc	70	30	95.3
C4025Hd	68	36	135.53
C4025He	65	30	90.12
C4025Hf	61	28	74.47
C4026Ha	69	21	49.29
C4026Hb	65	17	41.91
C4026Hc	64	22	55.24
C4026Hd	67	19	37.01
C4026He	62	19	44.16
C4026Hf	57	12	23.25
C4028Ha	73	29	80.92
C4028Hb	73	20	60.21
C4028Hc	75	25	73.55
C4028Hd	73	24	75
C4028He	77	19	80.1
C4028Hf	73	25	85.5
C4029Ha	58	17	29.49
C4029Hb	72	31	97.71
C4029Hc	58	23	49.26
C4029Hd	61	12	22.58
C4029He	67	24	59.75
C4029Hf	64	21	46.35
C4030Ha	83	17	69.95
C4030Hb	87	19	75.29
C4030Hc	74	19	61.15
C4030Hd	85	21	69.49
C4030He	79	15	52.15
C4030Hf	79	18	48.93
D4031Ha	83	16	55.53
D4031Hb	84	18	74.81
D4031Hc	92	15	65.55
D4031Hd	87	20	71.2
D4031He	76	29	67.71
D4031Hf	75	23	79.2
D4033Ha	85	20	72.2
D4033Hb	80	14	66.84
D4033Hc	82	20	63.5
D4033Hd	83	11	41.64
D4033He	80	19	69.18
D4033Hf	78	17	221.45
D4034Ha	62	36	84.7
D4034Hb	66	32	81.52
D4034Hc	63	42	98.24
D4034Hd	59	40	96.14
D4034He	59	39	85.35
D4034Hf	59	34	65.09
D4035Ha	58	27	53.66
D4035Hb	56	25	79.03
D4035Hc	58	13	31.62
D4035Hd	63	38	115.54
D4035He	82	35	136.63
D4035Hf	62	13	46.5
D4036Ha	76	35	106.08
D4036Hb	72	44	106.02
D4036Hc	78	24	85.37
D4036Hd	76	31	99.5
D4036He	76	36	104.18
D4036Hf	73	47	127.42
D4037Ha	81	27	102.81
D4037Hb	75	20	70.87
D4037Hc	84	24	90.75
D4037Hd	81	32	114.34
D4037He	83	24	82.27
D4037Hf	70	32	87.43
D4038Ha	75	20	63.55
D4038Hb	73	22	89.79
D4038Hc	68	9	29.68
D4038Hd	84	15	72.07
D4038He	77	21	102.84
D4038Hf	82	14	59.21
D4039Ha	64	20	51.32
D4039Hb	62	34	74.24
D4039Hc	57	17	24.22
E4043Ha	72	45	119.23
E4043Hb	70	46	126.23
E4043Hc	73	31	84.83
E4043Hd	78	34	102.43
E4043He	71	26	71.82
E4043Hf	74	31	88.51
E4045Ha	70	45	154.53
E4045Hb	70	57	150.46
E4045Hc	68	51	128.68
E4045Hd	72	38	138.02
E4045He	75	29	89.03
E4045Hf	64	27	56
E4049Ha	72	29	107.55
E4049Hb	75	23	73.64
E4049Hc	72	23	85.47
E4049Hd	80	22	89.13
E4049He	74	25	86.43
E4049Hf	79	41	124.22
F4052Ha	62	23	48.17
F4052Hb	68	27	65.6
F4052Hc	64	33	90.42
F4052Hd	68	28	81.47
F4052He	66	21	54.01
F4052Hf	63	29	87.03
F4056Ha	62	22	68.42
F4056Hb	62	48	116.54
F4056Hc	61	34	83.81
F4056Hd	70	22	80.5
F4056He	64	30	76.9
F4056Hf	67	36	96.02
G4062Ha	60	35	76.52
G4062Hb	60	31	80.2
G4062Hc	55	48	103.18
G4062Hd	58	27	56.05
G4062He	56	22	56.24
G4062Hf	57	27	66.52
G4063Ha	78	16	59.72
G4063Hb	72	17	83.78
G4063Hc	72	19	79.78
G4063Hd	72	13	46.4
G4063He	71	16	67.85
G4063Hf	74	15	49.91
G4066Ha	81	23	85.41
G4066Hb	88	38	137.71
G4066Hc	87	36	152.82
G4066Hd	90	29	122.75
G4066He	68	15	40.92
G4066Hf	84	18	58.42
G4070Ha	75	38	114.07
G4070Hb	69	31	67.56
G4070Hc	67	18	38.75
G4070Hd	76	35	105.74
G4070He	71	38	111.69
G4070Hf	69	22	45.51
H4073Ha	83	32	89.52
H4073Hb	90	27	114.63
H4073Hc	93	28	138.41
H4073Hd	88	27	112.6
H4073He	86	17	72.13
H4073Hf	89	22	70.01
H4075Ha	90	25	101.1
H4075Hb	89	24	120.15
H4075Hc	88	19	99.79
H4075Hd	88	11	66.5
H4075He	88	24	121.35
H4075Hf	88	15	69.1
H4076Ha	55	45	106.69
H4076Hb	52	46	106.46
H4076Hc	54	35	84.42
H4076Hd	54	40	96.33
H4076He	53	46	113.82
H4076Hf	53	35	85.24
H4077Ha	67	22	68.92
H4077Hb	77	27	111.32
H4077Hc	68	26	73.22
H4077Hd	78	22	98.79
H4077He	67	17	50.73
H4077Hf	64	10	34.86
H4080Ha	74	33	74.47
H4080Hb	71	19	54.99
H4080Hc	72	26	94.88
H4080Hd	84	25	83.99
H4080He	82	27	88.95
H4080Hf	84	25	92.32
K4092Ha	65	17	37.86
K4092Hb	72	23	76.32
K4092Hc	74	21	73.04
K4092Hd	57	23	56.58
K4092He	72	22	80.62
K4092Hf	73	20	76.05
K4093Ha	65	33	90.34
K4093Hb	73	37	127.29
K4093Hc	62	42	133.29
K4093Hd	73	22	82.91
K4093He	73	40	120.85
K4093Hf	70	45	128.56
K4094Ha	70	16	55.82
K4094Hb	14	8	32.48
K4094Hc	84	8	46.1
K4095Ha	54	30	57.7
K4095Hb	57	28	62.52
K4095Hc	58	14	18.09
K4096Ha	66	23	69.6
K4096Hb	69	42	112.05
K4096Hc	73	28	89.27
K4096Hd	72	26	71.98
K4096He	72	32	98.65
K4096Hf	69	26	68.5
K4100Ha	72	20	59.92
K4100Hb	73	21	74.85
K4100Hc	70	25	80.71
K4100Hd	74	26	84.38
K4100He	75	25	79.91
K4100Hf	79	23	90.02
L4102Ha	72	52	134.32
L4102Hb	61	30	60.57
L4102Hc	70	33	66.85
L4102Hd	62	31	69.99
L4102He	70	42	119.32
L4102Hf	73	46	115.12
L4104Ha	62	14	37.13
L4104Hb	59	31	85.44
L4104Hc	58	29	83.4
L4104Hd	60	30	81.89
L4104He	64	32	74.9
L4104Hf	57	14	34.75
L4105Ha	57	50	107.1
L4105Hb	70	38	116.84
L4105Hc	72	44	164.24
L4106Ha	80	28	73.63
L4106Hb	74	23	58.29
L4106Hc	82	25	76.05
L4106Hd	90	42	187.8
L4106He	83	19	57.92
L4106Hf	83	32	98.85
M4111Ha	58	23	40.82
M4111Hb	58	36	62.44
M4111Hc	52	41	62.57
M4111Hd	61	29	62.48
M4111He	63	43	88.3
M4111Hf	60	30	57.98
M4112Ha	66	46	110.94
M4112Hb	56	34	61.78
M4112Hc	66	42	85.74
M4112Hd	66	22	104.7
M4113Ha	63	30	58.08
M4113Hb	65	46	106.84
M4113Hc	69	38	103.02
M4113Hd	65	46	76.9
M4113He	67	70	69.77
M4113Hf	77	38	57.42
M4114Ha	80	31	125.01
M4114Hb	77	24	83.7
M4114Hc	78	35	130.82
M4114Hd	76	42	129.19
M4114He	74	26	82.94
M4114Hf	78	25	84.13
M4115Ha	87	27	111.38
M4115Hb	80	18	63.87
M4115Hc	89	26	105.75
M4115Hd	85	21	90.94
M4115He	87	22	102.18
M4115Hf	88	23	110.28
M4116Ha	57	37	86.24
M4116Hb	58	14	30.86
M4116Hc	53	26	90
M4116Hd	53	24	83.81
M4116He	57	27	86.95
M4116Hf	64	28	90.9
M4117Ha	65	20	47.62
M4117Hb	71	27	64.16
M4117Hc	66	19	38.4
M4117Hd	68	21	56.82
M4117He	59	18	43.43
M4117Hf	66	25	52.7
M4118Ha	62	25	82.76
M4118Hb	52	20	31.65
M4118Hc	58	26	49.64
M4119Ha	68	25	63.29
M4119Hb	64	24	56.95
M4119Hc	61	96	114.89
M4119Hd	60	22	51.34
M4119He	64	27	71.44
M4119Hf	68	49	123.33
M4120Ha	70	39	133.52
M4120Hb	62	34	87.52
M4120Hc	68	35	143.01
M4120Hd	60	37	75.4
M4120He	71	39	160.38
M4120Hf	65	19	63.9
N4121Ha	71	19	46.83
N4121Hb	76	42	137.72
N4121Hc	69	17	41.7
N4121Hd	80	35	150.76
N4121He	76	33	104.74
N4121Hf	71	19	46.67
N4122Ha	80	27	99.8
N4122Hb	81	25	135.36
N4122Hc	87	21	138.96
N4122Hd	81	22	96.77
N4122He	85	36	169.83
N4122Hf	87	41	117.8
N4124Ha	78	29	105.09
N4124Hb	67	28	51.9
N4124Hc	73	28	82.7
N4124Hd	72	24	70.29
N4124He	84	50	194.72
N4124Hf	80	33	127.78
N4126Ha	43	41	87.99
N4126Hb	42	51	122.86
N4126Hc	42	36	76.66
N4126Hd	41	23	45.46
N4126He	42	50	106.33
N4126Hf	42	39	87.15
N4127Ha	65	13	39.89
N4127Hb	72	20	58.47
N4127Hc	67	21	74.6
N4128Ha	65	35	80.44
N4128Hb	75	37	121.45
N4128Hc	63	21	43.98
N4128Hd	74	59	172.95
N4128He	69	20	58.32
N4128Hf	85	26	120.49
N4129Ha	61	13	29.97
N4129Hb	66	18	42.15
N4130Ha	75	32	111.27
N4130Hb	75	31	113.75
N4130Hc	73	33	77.88
N4130Hd	71	44	140.33
N4130He	71	26	76.74
N4130Hf	70	23	69.79
P4131Ha	85	22	109.84
P4131Hb	85	29	127.85
P4131Hc	88	22	90.84
P4131Hd	83	32	130.52
P4131He	78	34	132.81
P4131Hf	87	29	107.99
P4132Ha	90	31	178.92
P4132Hb	100	22	143.68
P4132Hc	97	21	175.57
P4132Hd	95	20	98.29
P4132He	92	17	109.66
P4132Hf	100	27	151.58
P4134Ha	70	45	125.87
P4134Hb	71	46	123.99
P4134Hc	71	44	122.15
P4134Hd	69	47	103.37
P4134He	75	41	128.05
P4134Hf	70	38	109.95
P4135Ha	84	40	139.38
P4135Hb	81	28	92.12
P4135Hc	82	47	129.9
P4135Hd	78	39	102.07
P4135He	79	23	54.6
P4135Hf	83	36	125.7
Q4141Ha	68	40	131.37
S4168Ha	94	45	207.97
S4168Hb	79	32	128.19
S4168Hc	77	40	152.01
S4168Hd	83	27	110.03
S4168He	80	21	71.28
S4168Hf	84	26	78.26
S4169Ha	71	26	70.12
S4169Hb	78	24	73.6
S4169Hc	74	25	78.46
S4169Hd	79	11	35.09
S4169He	77	31	95.73
S4169Hf	79	16	54.18
T4172Ha	82	22	114.85
T4172Hb	79	25	95.89
T4172Hc	93	23	121.89
T4172Hd	78	22	92.38
T4172He	85	19	66.92
T4172Hf	85	18	81.45
T4174Ha	93	30	141.63
T4174Hb	93	42	235.04
T4174Hc	95	27	128.97
T4174Hd	95	20	81.89
T4174He	96	26	108.63
T4174Hf	92	19	80.69
W4193Ha	70	21	71.5
W4193Hb	73	27	77.37
W4193Hc	75	22	86.21
W4193Hd	69	15	57.75
W4193He	69	21	65.12
W4193Hf	75	20	72.12
W4194Ha	77	23	85.65
W4194Hb	86	26	133.6
W4194Hc	77	18	81.42
W4194Hd	74	21	67.29
W4194He	70	12	62.24
W4194Hf	75	27	99.12
W4200Ha	77	46	106.44
W4200Hb	75	42	98.9
W4200Hc	79	30	62.68
W4200Hd	78	43	100.4
W4200He	77	44	87.31
W4200Hf	79	42	108.5
X4203Ha	70	28	76.87
X4203Hb	80	44	131
X4203Hc	76	48	147.67
X4203Hd	77	25	68.92
X4203He	70	48	137.05
X4203Hf	76	35	98.61
X4205Ha	88	15	74.72
X4205Hb	84	16	71.31
X4205Hc	88	12	45.86
X4205Hd	85	27	108.92
X4205He	92	16	62.99
X4205Hf	79	12	39.52
X4207Ha	88	52	183.83
X4207Hb	73	32	116.61
X4207Hc	70	37	123.76
X4207Hd	70	41	136.27
X4207He	72	40	139.47
X4207Hf	73	37	148.88
X4208Ha	106	24	166.92
X4208Hb	97	33	149.96
X4208Hc	84	13	70.98
X4208Hd	87	16	47.96
X4208He	94	19	74.42
X4208Hf	89	37	132.79
X4209Ha	82	17	78.74
X4209Hb	74	20	55.15
X4209Hc	77	20	70.21
X4209Hd	75	15	43.75
X4209He	85	16	69.57
X4209Hf	76	18	67.06
Y4212Ha	48	31	107.14
Y4212Hb	54	30	114.41
Y4212Hc	52	31	74.84
Y4212Hd	56	23	77.77
Y4212He	53	21	72.31
Y4212Hf	56	20	72.74
Y4213Ha	68	18	60.42
Y4213Hb	70	21	102.42
Y4213Hc	67	20	77.5
Y4213Hd	62	27	82.57
Y4213He	65	26	81.56
Y4213Hf	72	17	85.04
Y4214Ha	65	21	135.92
Y4214Hb	63	19	112.16
Y4214Hc	58	20	97.22
Y4215Ha	54	41	93.3
Y4215Hb	52	33	71.29
Y4215Hc	55	42	98.84
Y4215Hd	51	37	81.55
Y4215He	53	32	73.27
Y4215Hf	56	33	78.6
D4040Ha	76	19	66.27
D4040Hb	75	20	57.16
D4040Hc	82	34	96.96
D4040Hd	84	29	87.85
D4040He	82	34	138.95
D4040Hf	77	16	45.44
F4057Ha	60	27	91.57
F4057Hb	52	21	67.84
F4057Hc	54	37	108.47
F4057Hd	55	23	73.39
F4057He	57	39	122.21
F4057Hf	57	31	106.05
J4087Ha	78	39	132.53
J4087Hb	70	27	64.86
J4087Hc	83	34	113.24
J4087Hd	77	31	68.65
J4087He	76	36	115.33
J4087Hf	77	37	109.94
Q4142Ha	88	17	80.38
Q4142Hb	89	16	73.69
Q4142Hc	84	18	79.15
Q4142Hd	90	8	31.61
Q4142He	88	16	74.2
Q4142Hf	85	22	78.4
Q4143Ha	72	23	79.61
Q4143Hb	66	26	78.07
Q4143Hc	70	24	76.13
Q4143Hd	72	24	76.89
Q4143He	75	26	104.8
Q4143Hf	67	17	58.87
Q4144Ha	62	24	68.54
Q4144Hb	64	26	64.3
Q4144Hc	58	31	68.54
Q4144Hd	62	36	82.74
Q4144He	62	37	96.86
Q4144Hf	66	27	64.53
Q4146Ha	67	24	71.55
Q4146Hb	58	24	51.89
Q4146Hc	61	18	48.03
Q4146Hd	61	27	76.04
Q4146He	59	24	62.28
Q4146Hf	58	31	76.3
R4151Ha	87	24	76.45
R4151Hb	85	30	98.87
R4151Hc	89	21	86.77
R4151Hd	86	30	96.03
R4151He	92	27	98.21
R4151Hf	91	19	77.19
R4152Ha	75	18	63.36
R4152Hb	77	23	99.13
R4152Hc	77	27	86.12
R4152Hd	79	27	82.75
R4152He	82	24	87.38
R4152Hf	71	31	125.66
R4153Ha	79	16	49.61
R4153Hb	94	39	142.16
R4153Hc	89	37	129.42
R4153Hd	88	26	78.93
R4153He	82	47	150.96
R4153Hf	91	27	91.96
R4154Ha	59	31	52.15
R4154Hb	61	36	50.24
R4154Hc	59	35	63.88
R4154Hd	66	38	74.08
R4154He	64	47	99.72
R4154Hf	66	31	63.09
R4156Ha	76	22	77.11
R4156Hb	88	28	115.64
R4156Hc	77	37	141.62
R4156Hd	82	35	132.31
R4156He	73	28	92.26
R4156Hf	85	31	132.91
R4157Ha	83	37	120.43
R4157Hb	72	26	70.38
R4157Hc	87	33	120.59
R4157Hd	73	25	66.08
R4157He	80	26	116.12
R4157Hf	84	22	82.14
R4159Ha	75	18	95.32
S4161Ha	66	25	39.36
S4161Hb	71	23	60.73
S4161Hc	64	34	63.29
S4161Hd	75	42	92.13
S4161He	70	21	45.16
S4161Hf	63	28	49.64
S4162Ha	68	22	48.59
S4162Hb	75	44	134.69
S4162Hc	74	38	94.36
S4162Hd	74	49	138.11
S4162He	68	37	112.07
S4162Hf	81	29	74.28
S4163Ha	65	30	53.08
S4163Hb	76	30	71.67
S4163Hc	64	35	54.64
S4163Hd	75	34	94.8
S4163He	73	41	88.21
S4163Hf	73	31	63.92
S4165Ha	84	21	83.62
S4165Hb	79	28	94.79
S4165Hc	78	29	119.34
S4165Hd	85	30	0
S4165He	78	27	100.27
S4165Hf	63	20	39.24
S4167Ha	90	15	60.19
S4167Hb	92	15	66.79
S4167Hc	92	15	68.65
S4167Hd	92	17	72.51
S4167He	93	16	58.55
S4167Hf	83	15	41.01
B4017La	90	10	53.74
B4017Lb	88	9	52.84
B4017Lc	98	8	54.06
B4017Ld	97	9	57.23
B4017Le	90	9	53.6
B4017Lf	92	6	30.48
B4017Lg	99	9	49.38
B4017Lh	102	9	44.95
B4017Li	89	9	58.92
D4032La	71	10	45.45
D4032Lb	69	12	60.82
D4032Lc	71	12	47.78
D4032Ld	71	12	57.46
D4032Le	72	11	56.25
D4032Lf	70	8	45.19
D4032Lg	72	14	55.86
D4032Lh	63	14	48.91
D4032Li	68	11	58.24
E4041La	62	21	51.83
E4041Lb	65	24	60.63
E4041Lc	63	27	64.47
E4041Ld	58	19	32.6
E4041Le	63	20	41.42
E4041Lf	63	24	57.81
E4041Lg	67	25	56.24
E4041Lh	66	25	56.2
E4041Li	66	24	68.53
E4042La	71	20	58.67
E4042Lb	57	28	53.82
E4042Lc	57	26	54.02
E4042Ld	61	18	39.13
E4042Le	73	18	42.12
E4042Lf	76	14	41.45
E4042Lg	59	26	44.4
E4042Lh	57	24	36.32
E4042Li	67	10	30.66
E4046La	61	18	46.48
E4046Lb	79	14	61.28
E4046Lc	85	13	76.68
E4046Ld	71	18	70.51
E4046Le	71	15	59.81
E4046Lf	60	13	46.01
E4046Lg	67	10	49.14
E4046Lh	81	15	79.16
E4046Li	75	15	67.96
E4047La	57	13	38.76
E4047Lb	57	22	53.18
E4047Lc	58	13	32.36
E4047Ld	55	15	35.21
E4047Le	56	14	33.95
E4047Lf	57	16	35.28
E4047Lg	54	21	49.45
E4047Lh	61	20	54.17
E4047Li	55	13	29.02
E4048La	65	18	55.95
E4048Lb	55	18	42.25
E4048Lc	54	20	27.91
E4048Ld	68	7	26.9
E4048Le	55	7	14.48
E4048Lf	63	17	53.23
E4048Lg	62	15	38.52
E4048Lh	61	16	41.7
E4048Li	65	14	34.27
E4050La	74	14	54.93
E4050Lb	62	16	57.34
E4050Lc	75	11	47.39
E4050Ld	72	17	65.44
E4050Le	73	17	53.32
E4050Lf	76	18	63.3
E4050Lg	78	19	74.82
E4050Lh	68	15	49.21
E4050Li	69	16	58.39
F4051La	77	16	54.61
F4051Lb	71	18	72.17
F4051Lc	73	15	55.24
F4051Ld	74	16	57.77
F4051Le	73	15	58.24
F4051Lf	70	13	44.35
F4051Lg	76	16	59.96
F4051Lh	76	12	44.15
F4051Li	73	18	54.45
F4053La	71	14	60.04
F4053Lb	74	18	80.94
F4053Lc	72	13	53.59
F4053Ld	70	15	67.8
F4053Le	66	18	66.25
F4053Lf	67	12	56.79
F4053Lg	69	12	41.13
F4053Lh	70	15	66.31
F4053Li	86	16	72.83
F4054La	62	16	51.91
F4054Lb	65	18	63.7
F4054Lc	67	12	46.83
F4054Ld	64	14	48.35
F4054Le	62	11	28.04
F4054Lf	63	16	58.56
F4054Lg	63	11	46.41
F4054Lh	65	15	54.7
F4054Li	63	15	49.77
F4055La	67	10	48.09
F4055Lb	69	12	58.51
F4055Lc	70	10	43.89
F4055Ld	67	11	45.66
F4055Le	67	9	46.96
F4055Lf	65	9	51.72
F4055Lg	62	9	39.52
F4055Lh	72	9	54.05
F4055Li	69	15	60.71
F4059La	74	12	64.67
F4059Lb	66	10	42.02
F4059Lc	70	11	42.45
F4059Ld	80	14	66.2
F4059Le	62	9	32.56
F4059Lf	65	8	31.14
F4059Lg	77	8	32.42
F4059Lh	74	11	45.61
F4059Li	74	13	51.19
F4060La	51	12	44.08
F4060Lb	53	13	42.02
F4060Lc	47	14	41.15
F4060Ld	46	9	21.32
F4060Le	47	14	37.99
F4060Lf	52	13	42.84
F4060Lg	52	10	31.07
F4060Lh	53	18	47.63
F4060Li	48	17	32.75
J4086La	67	17	30.22
J4086Lb	58	10	23.11
J4086Lc	80	8	32.15
J4086Ld	53	11	17.92
J4086Le	62	10	28.27
J4086Lf	43	11	11.73
H4072La	70	13	49.52
H4072Lb	83	16	66.61
H4072Lc	81	18	78.68
H4072Ld	81	20	95.34
H4072Le	79	16	65.95
H4072Lf	80	15	64.23
H4072Lg	76	14	50.97
H4072Lh	76	15	61.79
H4072Li	85	17	81.69
H4074La	52	15	46.91
H4074Lb	53	11	44.55
H4074Lc	54	12	46.4
H4074Ld	48	9	29.94
H4074Le	55	11	35.78
H4074Lf	56	12	45.04
H4074Lg	58	11	43.85
H4074Lh	58	10	37.08
H4074Li	58	10	38.54
H4071La	58	7	15.61
H4071Lb	76	7	36.79
H4071Lc	63	7	22.1
J4081La	59	9	28.13
J4081Lb	58	6	18.99
J4081Lc	50	8	24.74
J4081Ld	55	9	22.81
J4081Le	61	11	40.74
J4081Lf	55	11	26.9
J4081Lg	56	6	25.12
J4081Lh	49	11	30.98
J4081Li	53	9	39.19
J4082La	61	7	40.06
J4082Lb	69	6	30.69
J4082Lc	72	4	27.31
J4082Ld	72	6	24.25
J4082Le	73	6	36.48
J4082Lf	74	5	33.85
J4082Lg	67	6	27.25
J4082Lh	93	8	48.05
J4082Li	73	7	31.2
J4083La	67	16	61.35
J4083Lb	57	17	49.96
J4083Lc	51	10	38.62
J4083Ld	66	12	52.53
J4083Le	59	17	60.6
J4083Lf	68	15	57.76
J4084La	75	11	59.76
J4084Lb	79	10	66.42
J4084Lc	77	11	59.24
J4084Ld	79	14	74.81
J4084Le	72	10	63.69
J4084Lf	67	9	47.44
J4085La	75	8	43.56
J4085Lb	76	8	47.82
J4085Lc	73	6	36.86
J4085Ld	77	9	42.42
J4085Le	72	9	44.14
J4085Lf	73	3	28.52
J4088La	75	19	61.06
J4088Lb	74	19	68.33
J4088Lc	75	17	61.05
J4088Ld	74	16	55.88
J4088Le	73	20	74.24
J4088Lf	71	17	59.22
J4089La	50	11	26.09
J4089Lb	67	21	62.45
J4089Lc	62	13	44.94
J4089Ld	65	15	47.04
J4089Le	67	15	54.11
J4089Lf	69	12	38.12
J4090La	63	12	38.83
J4090Lb	60	13	34.94
J4090Lc	61	11	31.6
J4090Ld	67	12	35.18
J4090Le	53	7	18.7
J4090Lf	63	11	36
K4091La	95	6	51.23
K4091Lb	79	6	53.58
K4091Lc	86	5	38.41
K4091Ld	87	7	50.16
K4091Le	94	7	45.26
K4091Lf	97	5	47.22
K4098La	74	8	38.54
K4098Lb	78	12	59.74
K4098Lc	89	16	86.97
K4098Ld	84	13	60.3
K4098Le	73	11	42.48
K4098Lf	78	15	67.61
N4123La	80	7	53.19
N4123Lb	95	7	60.01
N4123Lc	91	10	67.83
N4123Ld	99	9	61.58
N4123Le	89	9	56.58
N4123Lf	88	8	49.91
N4125La	83	14	67.43
N4125Lb	82	8	36.63
N4125Lc	92	13	55.8
N4125Ld	89	14	64.9
N4125Le	97	10	54.54
N4125Lf	93	9	44.81
P4133La	75	14	58.84
P4133Lb	71	12	51.72
P4133Lc	72	11	55.63
P4133Ld	70	14	58.92
P4133Le	70	9	40.61
P4133Lf	64	15	50.23
P4138La	103	7	57
P4138Lb	80	5	38.88
P4138Lc	96	8	60.81
P4138Ld	103	8	56.56
P4138Le	105	5	50.03
P4138Lf	105	8	63.14
P4139La	84	7	51.03
P4139Lb	64	7	19.7
P4139Lc	87	7	49.67
P4139Ld	83	7	40.11
P4139Le	87	11	79.16
P4139Lf	89	8	56.62
P4140La	43	7	21.7
P4140Lb	46	7	25.16
P4140Lc	54	16	59.22
P4140Ld	48	13	43.68
P4140Le	54	14	49.7
P4140Lf	54	14	45.35
Q4145La	58	21	50.61
Q4145Lb	51	20	55.45
Q4145Lc	53	19	56.31
Q4145Ld	52	17	50.78
Q4145Le	54	17	47.17
Q4145Lf	52	18	43.39
Q4147La	56	10	41.17
Q4147Lb	61	14	60.18
Q4147Lc	61	9	43.9
Q4147Ld	52	10	36.45
Q4147Le	55	12	44.66
Q4147Lf	68	14	66.68
Q4148La	66	12	54.9
Q4148Lb	74	12	54.09
Q4148Lc	59	8	36.39
Q4148Ld	63	10	43.8
Q4148Le	72	11	51.25
Q4148Lf	74	11	45.74
Q4149La	81	12	60.79
Q4149Lb	85	10	49.48
Q4149Lc	78	10	49.02
Q4149Ld	80	10	50.53
Q4149Le	80	11	59.72
Q4149Lf	77	8	34.9
Q4150La	69	30	62.76
Q4150Lb	68	28	62.79
Q4150Lc	69	33	76.58
Q4150Ld	70	31	69.91
Q4150Le	68	36	73.36
Q4150Lf	70	35	84.73
R4160La	70	20	78.37
R4160Lb	71	22	78.99
R4160Lc	66	18	51.57
R4160Ld	78	11	38.14
R4160Le	68	18	71.16
R4160Lf	75	20	66.32
S4170La	75	15	65.7
S4170Lb	71	17	80.82
S4170Lc	70	12	36.86
S4170Ld	76	11	53.67
S4170Le	70	16	53.63
S4170Lf	80	15	73.46
T4171La	87	19	74.01
T4171Lb	91	20	91.52
T4171Lc	80	13	51.23
T4171Ld	77	21	71.4
T4171Le	94	17	78.09
T4171Lf	73	16	53.07
T4173La	93	12	62.63
T4173Lb	89	17	78.2
T4173Lc	91	16	84.18
T4173Ld	93	17	81.12
T4173Le	80	16	78.14
T4173Lf	93	15	65.33
T4175La	93	19	76.9
T4175Lb	75	13	64.01
T4175Lc	77	16	63.7
T4175Ld	93	23	102.6
T4175Le	82	17	72.88
T4175Lf	99	18	85.32
G4061La	48	7	13.68
G4061Lb	50	10	24.97
G4067La	76	6	30.39
G4067Lb	48	5	11.5
G4067Lc	89	10	42.59
G4067Ld	62	9	23.24
G4067Le	61	8	25.65
G4067Lf	102	9	43.4
T4176La	84	14	96.16
T4176Lb	90	15	97.39
T4176Lc	73	12	75.27
T4176Ld	77	14	65.94
T4176Le	73	20	120.94
T4176Lf	79	18	108.46
T4177La	72	9	53.66
T4177Lb	93	9	67.6
T4177Lc	78	8	54.71
T4177Ld	90	9	74.2
T4177Le	88	10	79.27
T4177Lf	92	8	57.63
T4178La	80	26	87.27
T4178Lb	74	33	101.85
T4178Lc	74	26	71.55
T4178Ld	68	17	41.91
T4178Le	71	34	83.39
T4178Lf	75	32	104.01
T4179La	72	10	46.02
T4179Lb	78	10	44.87
T4179Lc	75	10	45.65
T4179Ld	72	10	42.97
T4179Le	82	10	53.08
T4179Lf	82	5	27
W4195La	69	19	63.45
W4195Lb	67	14	44.85
W4195Lc	67	13	38.47
W4195Ld	71	14	55.52
W4195Le	68	14	45.09
W4195Lf	67	19	61.95
W4196La	71	15	57.74
W4196Lb	68	14	63.78
W4196Lc	64	11	30.69
W4196Ld	66	9	46.85
W4196Le	73	14	60.48
W4196Lf	72	13	52.64
W4197La	93	12	69.25
W4197Lb	93	10	48.95
W4197Lc	89	10	61.07
W4197Ld	91	9	59.13
W4197Le	87	12	93.46
W4197Lf	83	12	68.1
W4198La	68	10	35.08
W4198Lb	61	9	20
W4198Lc	63	10	25.52
W4198Ld	67	10	26.81
W4198Le	68	12	35.48
W4198Lf	60	8	22.73
W4199La	66	12	35.08
W4199Lb	62	13	38.32
W4199Lc	67	12	41.44
W4199Ld	66	11	40.87
W4199Le	63	7	19.21
W4199Lf	57	11	32.26
X4204La	52	20	50.94
X4204Lb	64	16	41.39
X4204Lc	54	18	43.65
X4204Ld	52	23	49.34
X4204Le	55	17	46.3
X4204Lf	55	19	51.42
Y4211La	91	8	58.16
Y4211Lb	103	8	69.35
Y4211Lc	95	7	59.01
Y4211Ld	98	9	70.94
Y4211Le	96	6	48.28
Y4211Lf	98	7	60.88
A4001La	68	16	52.88
A4001Lb	72	13	52.18
A4001Lc	72	16	56.06
A4001Ld	69	11	41.67
A4001Le	78	19	77.27
A4001Lf	70	9	38.94
A4002La	54	10	42.87
A4002Lb	55	9	31.32
A4002Lc	60	12	47.4
A4002Ld	56	15	51.01
A4002Le	57	12	49.58
A4002Lf	56	9	45.7
A4004La	46	20	56.01
A4004Lb	46	28	68.4
A4004Lc	44	21	46.6
A4004Ld	47	17	39.47
A4004Le	58	25	84.17
A4004Lf	43	21	47.61
A4008La	62	16	44.06
A4008Lb	63	17	57.01
A4008Lc	66	24	52.63
A4008Ld	61	11	33.41
A4008Le	65	22	62.95
A4008Lf	67	25	84.87
A4010La	64	14	37.76
A4010Lb	60	17	30.93
A4010Lc	69	21	57.76
A4010Ld	64	21	59.7
A4010Le	66	19	53.76
A4010Lf	69	21	61.82
B4020La	79	10	53.61
B4020Lb	90	11	54.64
B4020Lc	84	10	50.67
B4020Ld	87	11	53.89
B4020Le	89	8	46.12
B4020Lf	80	11	42.61
C4021La	91	8	63.33
C4021Lb	96	6	46.13
C4021Lc	93	6	49.36
C4021Ld	92	6	51.13
C4021Le	95	7	60.43
C4021Lf	89	7	61.84
C4022La	71	9	46.06
C4022Lb	67	9	41.92
C4022Lc	67	6	39.47
C4022Ld	66	8	39.92
C4022Le	67	9	58.31
C4022Lf	65	8	41.21
C4027La	90	7	39.37
C4027Lb	87	10	46.45
C4027Lc	88	11	63.97
C4027Ld	86	9	45.38
C4027Le	90	9	45.2
C4027Lf	88	9	69.18
E4044La	77	11	54.41
E4044Lb	72	10	39.61
E4044Lc	70	12	41.52
E4044Ld	68	8	33.65
E4044Le	72	12	49.94
E4044Lf	72	9	45.09
F4058La	67	12	43.11
F4058Lb	60	7	17.25
F4058Lc	60	5	16.15
F4058Ld	55	7	21.65
F4058Le	59	9	24.57
F4058Lf	57	12	36.54
G4065La	65	13	39.88
G4065Lb	76	10	32.89
G4065Lc	60	10	78.36
G4065Ld	62	13	32.06
G4065Le	66	12	29.14
G4065Lf	71	8	24.08
G4068La	76	7	27.27
G4068Lb	73	10	42.63
G4068Lc	89	8	41.04
G4068Ld	73	8	29.2
G4068Le	81	8	32.8
G4068Lf	94	13	73.43
G4069La	76	9	46.65
G4069Lb	75	11	58.69
G4069Lc	78	11	58.91
G4069Ld	76	10	47.56
G4069Le	77	12	59.94
G4069Lf	77	14	62.75
H4078La	69	10	36.88
H4078Lb	62	8	22.58
H4078Lc	57	7	20.51
H4078Ld	63	9	29.08
H4078Le	76	11	48.53
H4078Lf	69	9	31.5
H4079La	99	13	49.96
H4079Lb	93	13	69.87
H4079Lc	93	15	72.5
H4079Ld	96	12	56.17
H4079Le	85	12	50.85
H4079Lf	100	13	72.46
K4097La	81	15	101.82
K4097Lb	57	12	29.76
K4097Lc	90	13	84.74
K4097Ld	77	11	61.33
K4097Le	82	13	66.21
K4097Lf	64	9	32.68
K4099La	71	14	34.25
K4099Lb	60	14	22.79
K4099Lc	63	14	39.72
K4099Ld	78	18	62.82
K4099Le	79	20	70.17
K4099Lf	71	15	61.15
L4101La	82	12	60.25
L4101Lb	81	14	64.36
L4101Lc	88	10	61.4
L4101Ld	87	9	45.33
L4101Le	83	8	35.09
L4101Lf	86	11	68.05
L4103La	99	11	51.62
L4103Lb	79	9	24.47
L4103Lc	76	8	29.6
L4103Ld	83	11	46.2
L4103Le	83	12	51.04
L4103Lf	85	13	53.15
L4107La	52	10	22.85
L4107Lb	73	11	60.64
L4107Lc	62	10	19.22
L4107Ld	72	8	24.27
L4107Le	77	8	31.3
L4107Lf	67	10	38.25
L4108La	82	10	50.36
L4108Lb	102	13	69.81
L4108Lc	106	11	68.47
L4108Ld	101	11	59.01
L4108Le	84	10	51.62
L4108Lf	74	8	42.83
L4109La	90	7	39.91
L4109Lb	96	10	55.85
L4109Lc	85	11	56.79
L4109Ld	88	8	46.03
L4109Le	90	9	37.26
L4109Lf	87	8	43.42
L4110La	73	15	51.18
L4110Lb	75	20	60.24
L4110Lc	76	23	80.72
L4110Ld	66	11	40.66
L4110Le	72	19	65.79
L4110Lf	79	13	43.86
P4136La	107	13	81.32
P4136Lb	100	10	62.5
P4136Lc	98	9	64.12
P4136Ld	101	8	60.09
P4136Le	99	8	56.56
P4136Lf	97	10	68.99
R4155La	71	13	67.75
R4155Lb	91	12	76.84
R4155Lc	76	14	67.3
R4155Ld	95	14	87.25
R4155Le	79	13	72.65
R4155Lf	68	9	40.72
R4158La	64	14	48.8
R4158Lb	67	10	42.52
R4158Lc	68	12	49.92
R4158Ld	71	10	56.46
R4158Le	67	13	61.25
R4158Lf	71	11	57.28
S4166La	77	25	88.53
S4166Lb	73	24	75.75
S4166Lc	70	20	66.11
S4166Ld	73	19	69.52
S4166Le	70	23	69.18
S4166Lf	72	23	66.71
X4206La	84	8	58.92
X4206Lb	100	8	50.43
X4206Lc	82	6	38.95
X4206Ld	100	7	59.41
X4206Le	105	8	55.69
X4206Lf	93	8	60.56
X4210La	47	23	37.34
X4210Lb	48	23	48.18
X4210Lc	44	18	34.86
X4210Ld	47	16	35.29
X4210Le	49	18	41.15
X4210Lf	51	20	51.64
Y4216La	61	14	60.75
Y4216Lb	56	10	37.6
Y4216Lc	59	12	46.7
Y4216Ld	60	14	58.41
Y4216Le	50	10	29.24
Y4216Lf	53	9	35.85
Y4207La	70	13	48.05
Y4207Lb	69	18	63.92
Y4207Lc	62	13	51.42
Y4207Ld	59	12	40.3
Y4207Le	68	14	46.39
Y4207Lf	68	13	44.62
U5000La	104	12	79.27
U5000Lb	96	11	74.47
U5000Lc	97	12	71.04
U5000Ld	90	11	61.95
U5000Le	91	14	66.44
U5000Lf	91	10	56.34
U5001La	77	9	50.96
U5001Lb	73	13	49.4
U5001Lc	92	11	58.88
U5001Ld	72	10	48.77
U5001Le	70	8	43.3
U5001Lf	72	9	38.22
U5100La	65	13	30.49
U5100Lb	69	23	54.17
U5100Lc	60	13	22.9
U5100Ld	71	21	55.74
U5100Le	71	26	63.75
U5100Lf	65	19	39.2
U5101La	69	12	42.73
U5101Lb	73	16	53.1
U5101Lc	68	11	39.27
U5101Ld	77	15	63.1
U5101Le	68	15	48.6
U5101Lf	70	12	45.01
A4003La	55	6	12.2
A4003Lb	58	13	40.94
A4003Lc	67	14	36.35
A4003Ld	60	12	22.81
A4003Le	78	8	31.94
A4003Lf	65	12	35.32
A4005La	63	8	20.64
A4005Lb	73	11	34.59
A4005Lc	63	12	29.81
A4005Ld	68	14	40.25
A4005Le	63	9	25.47
A4005Lf	71	13	30.6
A4006La	47	11	24.92
A4006Lb	43	8	16.39
A4006Lc	44	9	15.58
A4006Ld	48	8	19.18
A4006Le	44	10	18.49
A4006Lf	42	13	19.46
A4007La	56	9	17.59
A4007Lb	63	10	20.89
A4007Lc	66	8	22.63
A4007Ld	59	10	17.04
A4007Le	64	8	23.33
A4007Lf	56	10	19.49
A4009La	69	9	35.7
A4009Lb	64	11	28.17
A4009Lc	56	9	17.42
A4009Ld	71	14	41.78
A4009Le	68	11	31.48
A4009Lf	68	12	38.1
B4011La	73	10	37.65
B4011Lb	68	8	28.36
B4011Lc	73	9	34.14
B4011Ld	70	9	25.27
B4011Le	72	8	27.67
B4011Lf	72	8	35.99
B4012La	60	10	29.15
B4012Lb	59	13	28.35
B4012Lc	59	14	36.7
B4012Ld	54	15	27.68
B4012Le	56	11	24.75
B4012Lf	56	12	25.89
B4013La	66	11	37.01
B4013Lb	62	11	24.18
B4013Lc	71	16	42.26
B4013Ld	67	8	34.01
B4013Le	68	13	38.41
B4013Lf	64	9	28.11
B4014La	52	10	15.09
B4014Lb	63	12	33.68
B4014Lc	52	6	10.55
B4015La	55	15	21.45
B4015Lb	56	15	24.21
B4015Lc	56	16	25.91
B4015Ld	56	14	16.64
B4015Le	60	16	24.36
B4015Lf	59	17	33.3
B4016La	56	18	26.42
B4016Lb	49	14	18.88
B4016Lc	57	15	26.92
B4016Ld	49	9	11.9
B4016Le	41	10	16.62
B4016Lf	42	14	14.02
B4018La	69	15	34.79
B4018Lb	72	22	45.51
B4018Lc	71	16	40.57
B4018Ld	63	14	21.32
B4018Le	68	18	35.6
B4018Lf	75	18	44.75
B4019La	48	9	10.35
B4019Lb	57	9	19.9
B4019Lc	58	9	20.83
B4019Ld	53	18	26.31
C4023La	56	21	49.23
C4023Lb	56	22	59.76
C4023Lc	56	22	42.56
C4023Ld	54	20	34.58
C4023Le	53	15	26.36
C4023Lf	55	12	19.61
C4024La	73	10	34.8
C4024Lb	71	23	81
C4024Lc	68	17	54.32
C4024Ld	69	16	51.65
C4024Le	76	11	50.49
C4024Lf	66	13	33.84
C4025La	50	14	25.72
C4025Lb	56	18	41.67
C4025Lc	51	16	31.96
C4025Ld	61	17	40.21
C4025Le	52	17	28.55
C4025Lf	54	22	47.04
C4026La	48	14	21.55
C4026Lb	52	12	14.78
C4026Lc	61	12	19.09
C4026Ld	56	12	21.64
C4026Le	50	12	15.54
C4026Lf	53	10	14.82
C4028La	62	14	32.35
C4028Lb	64	10	24.75
C4028Lc	64	12	25.95
C4028Ld	64	11	26.57
C4028Le	69	7	20.76
C4028Lf	58	11	13.89
C4029La	56	20	32.78
C4029Lb	60	11	20.47
C4029Lc	49	14	19.95
C4029Ld	55	13	17.74
C4029Le	53	12	20.16
C4029Lf	55	12	19.32
C4030La	60	5	19.21
C4030Lb	72	7	20.86
C4030Lc	73	7	27.08
C4030Ld	74	7	24.61
C4030Le	60	8	23.72
C4030Lf	75	10	28.04
D4031La	70	6	16.42
D4031Lb	69	9	20.87
D4031Lc	69	14	30.31
D4031Ld	73	14	35.78
D4031Le	74	11	29.74
D4031Lf	67	9	21.39
D4033La	75	11	32.65
D4033Lb	66	9	25.75
D4033Lc	74	8	30.04
D4033Ld	73	9	23.87
D4033Le	70	9	23.4
D4033Lf	69	8	21.46
D4034La	50	19	27.12
D4034Lb	54	19	35.57
D4034Lc	48	21	28.64
D4034Ld	45	24	27.02
D4034Le	53	23	45.05
D4034Lf	48	19	25.44
D4035La	41	10	10.98
D4035Lb	48	15	19.88
D4035Lc	53	14	29.16
D4035Ld	56	16	34.95
D4035Le	67	15	32.91
D4035Lf	45	12	11.81
D4036La	53	26	28.82
D4036Lb	56	12	18.58
D4036Lc	50	26	31.81
D4036Ld	54	23	33.65
D4036Le	48	17	18.32
D4036Lf	52	23	33.44
D4037La	66	16	39.55
D4037Lb	68	15	28.09
D4037Lc	66	16	36.98
D4037Ld	68	14	40.59
D4037Le	68	17	35.2
D4037Lf	65	15	37.97
D4038La	68	5	15.8
D4038Lb	66	3	14.11
D4038Lc	65	4	11.78
D4038Ld	70	4	17.31
D4038Le	65	5	14.35
D4038Lf	65	6	17.65
D4039La	53	13	14.55
D4039Lb	40	7	9.02
D4039Lc	44	14	16.92
E4043La	57	21	39.82
E4043Lb	54	22	39.12
E4043Lc	66	30	55.29
E4043Ld	59	18	30.32
E4043Le	56	18	30.6
E4043Lf	51	25	32.25
E4045La	50	21	37.27
E4045Lb	57	34	64.95
E4045Lc	54	31	45.25
E4045Ld	50	21	36.6
E4045Le	52	19	30.02
E4045Lf	47	30	44.28
F4049La	61	15	42.13
F4049Lb	58	17	44.42
F4049Lc	56	17	35.98
F4049Ld	66	21	50.65
F4049Le	60	21	47.32
F4049Lf	59	16	44.13
F4052La	54	17	39.3
F4052Lb	54	9	17.2
F4052Lc	54	14	32.73
F4052Ld	56	16	33.4
F4052Le	53	16	32.05
F4052Lf	42	10	13.06
F4056La	48	22	32.2
F4056Lb	52	18	35.64
F4056Lc	46	20	47.3
F4056Ld	47	20	34.57
F4056Le	51	22	35.81
F4056Lf	49	24	39.81
G4062La	47	18	31.89
G4062Lb	51	25	56
G4062Lc	49	19	36.51
G4062Ld	49	24	41.23
G4062Le	48	18	33.08
G4062Lf	51	25	55.28
G4063La	62	9	23.82
G4063Lb	59	7	20.83
G4063Lc	71	8	21.6
G4063Ld	64	6	20.82
G4063Le	55	6	13.43
G4063Lf	61	6	21.56
G4066La	71	13	31.16
G4066Lb	76	10	35.6
G4066Lc	68	5	12.7
G4070La	53	9	11.6
G4070Lb	55	9	13.67
G4070Lc	51	8	11.36
G4070Ld	55	13	18.86
G4070Le	56	13	18.37
G4070Lf	56	11	18.83
H4073La	71	13	28.37
H4073Lb	74	17	31.75
H4073Lc	72	13	25.57
H4073Ld	68	13	31.27
H4073Le	77	12	33.44
H4073Lf	64	18	48.44
H4075La	75	7	21.62
H4075Lb	75	9	41.4
H4075Lc	74	9	31.31
H4075Ld	71	11	43.11
H4075Le	70	14	54.63
H4075Lf	68	6	15.73
H4076La	39	23	29.61
H4076Lb	45	30	49.83
H4076Lc	42	21	37.38
H4076Ld	43	26	37.74
H4076Le	44	24	39.53
H4076Lf	40	25	40.53
H4077La	59	14	30.5
H4077Lb	63	15	32.05
H4077Lc	61	14	25.73
H4077Ld	65	16	31.97
H4077Le	65	14	31.87
H4077Lf	63	12	34.58
H4080La	56	16	32.17
H4080Lb	62	19	33.93
H4080Lc	62	33	71.4
H4080Ld	61	18	40.5
H4080Le	60	11	18.84
H4080Lf	60	23	53.66
K4092La	64	17	43.46
K4092Lb	63	14	35.42
K4092Lc	68	16	37.6
K4092Ld	65	12	26.76
K4092Le	53	9	16.71
K4092Lf	58	7	18.54
K4093La	44	20	22.2
K4093Lb	55	25	57.73
K4093Lc	60	17	48.54
K4093Ld	67	21	57.67
K4093Le	56	21	49.17
K4093Lf	54	30	52.16
K4094La	58	6	17.26
K4094Lb	63	4	13.53
K4095La	34	6	6.34
K4096La	59	19	37.27
K4096Lb	54	36	85.42
K4096Lc	54	18	26.47
K4096Ld	50	27	33.91
K4096Le	49	35	48.5
K4096Lf	57	25	37.39
K4100La	61	16	32.11
K4100Lb	58	16	37.68
K4100Lc	57	10	22.06
K4100Ld	56	11	21.16
K4100Le	53	10	20.04
K4100Lf	58	17	40.96
L4102La	51	17	31.34
L4102Lb	50	24	39.18
L4102Lc	45	19	18.62
L4102Ld	47	24	35.97
L4102Le	51	22	30.49
L4102Lf	47	12	12.89
L4014La	51	4	11.74
L4014Lb	33	4	4.6
L4014Lc	56	10	22.66
L4014Ld	53	7	13.48
L4014Le	43	6	7.87
L4014Lf	40	9	10.8
L4105La	41	8	13.6
L4105Lb	39	9	10.6
L4105Lc	42	8	13.35
L4106La	63	8	13.37
L4106Lb	68	15	29.07
L4106Lc	65	21	37.56
L4106Ld	78	28	44.18
L4106Le	76	25	50.96
L4106Lf	77	20	52.97
M4111La	46	26	34.25
M4111Lb	49	22	29.51
M4111Lc	44	19	21.07
M4111Ld	52	24	39.41
M4111Le	53	26	33.35
M4111Lf	44	15	16.23
M4112La	56	10	16.59
M4112Lb	56	16	24.06
M4112Lc	57	10	16.18
M4112Ld	51	15	18.7
M4112Le	53	13	17.02
M4112Lf	48	9	10.59
M4113La	65	16	47.32
M4113Lb	53	14	26.47
M4113Lc	60	16	26.4
M4113Ld	47	6	5.89
M4113Le	43	9	9.68
M4113Lf	37	8	5.58
M4114La	57	18	30.43
M4114Lb	68	20	43.24
M4114Lc	59	27	55.14
M4114Ld	65	19	43.23
M4114Le	58	14	25.43
M4114Lf	62	23	53.65
M4115La	65	13	31.41
M4115Lb	64	18	40.05
M4115Lc	68	14	34.88
M4115Ld	74	11	38.94
M4115Le	71	15	33.1
M4115Lf	71	11	31.9
M4116La	52	19	30.34
M4116Lb	47	20	34.27
M4116Lc	51	21	36.37
M4116Ld	50	22	38.75
M4116Le	49	28	42.39
M4116Lf	43	23	27.7
M4117La	45	12	11.64
M4117Lb	52	14	19.17
M4117Lc	54	17	17.16
M4117Ld	54	17	23.48
M4117Le	53	14	15.99
M4117Lf	56	14	20.43
M4118La	45	13	15.44
M4118Lb	41	20	16.95
M4118Lc	44	12	13.76
M4119La	43	19	24.85
M4119Lb	51	20	26.61
M4119Lc	62	24	57.03
M4119Ld	45	21	20.1
M4119Le	50	23	29.45
M4119Lf	47	35	36.9
M4120La	47	6	8.69
M4120Lb	60	12	23.85
M4120Lc	58	15	33.88
M4120Ld	59	13	27.26
M4120Le	55	16	34.88
M4120Lf	47	5	7.33
N4121La	63	28	59.21
N4121Lb	55	24	38.74
N4121Lc	60	25	59.31
N4121Ld	68	33	75.92
N4121Le	71	21	67.21
N4121Lf	68	27	58.37
N4122La	63	16	39.47
N4122Lb	65	22	58.85
N4122Lc	73	15	49.15
N4122Ld	73	17	65.91
N4122Le	55	13	29.39
N4122Lf	61	14	34.87
N4124La	63	25	38.06
N4124Lb	66	21	48.71
N4124Lc	66	15	30.24
N4124Ld	67	18	31.8
N4124Le	60	30	45.08
N4124Lf	61	21	43.45
N4126La	41	27	37.05
N4126Lb	41	32	53.59
N4126Lc	30	16	16.01
N4126Ld	36	28	42.08
N4126Le	32	16	18.05
N4126Lf	30	14	11.64
N4127La	55	12	31.1
N4127Lb	49	9	11.23
N4127Lc	56	22	36.87
N4128La	65	12	29.18
N4128Lb	61	27	55.14
N4128Lc	67	26	42.7
N4128Ld	63	14	37.1
N4128Le	61	30	62.35
N4128Lf	70	24	56.35
N4129La	47	9	14.2
N4130La	62	20	37.87
N4130Lb	64	21	51.72
N4130Lc	60	23	48.39
N4130Ld	61	21	45.17
N4130Le	62	29	61.67
N4130Lf	62	23	47.83
P4131La	70	23	57.8
P4131Lb	67	16	34.46
P4131Lc	73	15	46.21
P4131Ld	69	22	54.57
P4131Le	73	13	43.36
P4131Lf	67	21	47.2
P4132La	80	11	49.25
P4132Lb	80	12	47.06
P4132Lc	85	12	54.87
P4132Ld	91	12	55.93
P4132Le	79	13	48.98
P4132Lf	87	12	50.75
P4134La	57	22	33.46
P4134Lb	58	27	43.85
P4134Lc	69	28	67.25
P4134Ld	53	22	34.79
P4134Le	54	20	30.38
P4134Lf	58	21	44.32
P4135La	60	23	40.48
P4135Lb	64	21	43.37
P4135Lc	70	25	49.32
P4135Ld	64	15	34.09
P4135Le	61	22	33.67
P4135Lf	61	24	47.2
Q4141La	47	11	15.05
S4168La	60	15	34.55
S4168Lb	60	25	46.33
S4168Lc	65	13	32.47
S4168Ld	60	13	29.87
S4168Le	65	16	38.47
S4168Lf	91	13	67.03
S4169La	60	12	17.72
S4169Lb	61	12	20.64
S4169Lc	63	15	29.47
S4169Ld	61	12	21.44
S4169Le	62	20	29.12
S4169Lf	67	10	16.85
T4172La	67	20	62.87
T4172Lb	78	14	61.22
T4172Lc	74	14	62.26
T4172Ld	73	14	60.17
T4172Le	61	9	31.14
T4172Lf	75	17	46.33
T4174La	83	18	53.97
T4174Lb	93	14	52.6
T4174Lc	85	18	56.42
T4174Ld	84	16	46.25
T4174Le	77	15	31.07
T4174Lf	75	9	15.81
W4193La	68	9	23.42
W4193Lb	64	12	26.14
W4193Lc	68	20	39.58
W4193Ld	67	11	22.11
W4193Le	74	12	29.1
W4193Lf	67	10	20.26
W4194La	49	11	19.36
W4194Lb	65	16	49.41
W4194Lc	53	13	26.47
W4194Ld	56	20	37.49
W4194Le	56	12	27.02
W4194Lf	63	11	27.74
W4200La	55	22	46.13
W4200Lb	54	23	45.85
W4200Lc	56	33	60.07
W4200Ld	57	21	36.85
W4200Le	58	30	63.3
W4200Lf	52	23	40.84
X4203La	68	34	58.2
X4203Lb	61	27	36.29
X4203Lc	65	31	46.94
X4203Ld	64	36	52.93
X4203Le	73	44	69.29
X4203Lf	58	30	31.39
X4205La	66	18	55.22
X4205Lb	62	10	24.56
X4205Lc	73	17	65.67
X4205Ld	73	17	54.07
X4205Le	65	13	28.67
X4205Lf	61	10	22.79
X4207La	70	22	59.3
X4207Lb	64	20	42.7
X4207Lc	69	41	104.2
X4207Ld	58	18	48.59
X4207Le	64	16	40.28
X4207Lf	61	22	52.38
X4208La	73	11	21.48
X4208Lb	110	9	57.31
X4208Lc	65	4	6.94
X4209La	66	4	14.59
X4209Lb	75	6	19.52
X4209Lc	70	4	14.6
X4209Ld	66	7	18.85
X4209Le	57	4	9.64
X4209Lf	78	6	19.74
Y4212La	48	9	18.05
Y4212Lb	48	6	20.62
Y4212Lc	42	9	11.82
Y4212Ld	49	7	22.82
Y4212Le	44	8	16.21
Y4212Lf	43	7	16.07
Y4213La	60	13	26.68
Y4213Lb	58	9	23.07
Y4213Lc	72	11	39.3
Y4213Ld	64	12	42.22
Y4213Le	71	11	41.35
Y4213Lf	59	11	22.15
Y4214La	53	9	16.71
Y4214Lb	53	6	14.22
Y4215La	45	16	25.11
Y4215Lb	42	17	21.91
Y4215Lc	45	20	33.01
Y4215Ld	43	19	24.95
Y4215Le	45	20	33.71
Y4215Lf	44	17	24.59
D4040La	63	16	25.97
D4040Lb	62	15	26.28
D4040Lc	63	18	35.05
D4040Ld	86	14	58.22
D4040Le	61	16	23.58
D4040Lf	61	17	33.72
F4057La	47	20	35.11
F4057Lb	49	9	22.95
F4057Lc	45	19	35.12
F4057Ld	48	20	46.79
F4057Le	47	21	32.57
F4057Lf	45	13	28.64
J4087La	62	28	53.18
J4087Lb	56	21	34.24
J4087Lc	61	25	50.79
J4087Ld	56	13	18.84
J4087Le	65	18	37.51
J4087Lf	65	34	64.54
Q4142La	74	9	21.66
Q4142Lb	80	7	19.76
Q4142Lc	85	8	24.25
Q4142Ld	70	5	13.86
Q4142Le	90	11	35.26
Q4142Lf	90	8	27.7
Q4143La	62	8	19.46
Q4143Lb	57	7	16.31
Q4143Lc	62	12	34.56
Q4143Ld	64	15	41.21
Q4143Le	65	13	32.74
Q4143Lf	67	17	48.99
Q4144La	53	8	15.51
Q4144Lb	55	9	18.29
Q4144Lc	53	8	18.81
Q4144Ld	57	8	19.83
Q4144Le	59	4	11.12
Q4144Lf	53	7	9.56
Q4146La	55	9	18.42
Q4146Lb	60	14	28.68
Q4146Lc	61	13	26.63
Q4146Ld	57	12	21.21
Q4146Le	56	12	27.85
Q4146Lf	51	12	26.2
R4151La	81	17	39.92
R4151Lb	86	12	32.99
R4151Lc	80	11	28.57
R4151Ld	80	7	14.91
R4151Le	81	19	37.12
R4151Lf	81	12	23.33
R4152La	73	16	38.53
R4152Lb	81	12	46.27
R4152Lc	75	17	54.77
R4152Ld	72	16	43.56
R4152Le	69	16	33.37
R4152Lf	72	11	18.9
R4153La	77	21	62.03
R4153Lb	84	17	50.63
R4153Lc	88	19	57.38
R4153Ld	88	19	59.17
R4153Le	77	12	21.28
R4153Lf	84	26	81.78
R4154La	57	26	38.7
R4154Lb	53	38	52.2
R4154Lc	52	14	15.8
R4154Ld	60	35	55.72
R4154Le	58	32	47.82
R4154Lf	54	29	37.53
R4156La	67	8	19.14
R4156Lb	73	11	40.8
R4156Lc	75	11	37.34
R4156Ld	64	8	25.8
R4156Le	65	7	21.61
R4156Lf	67	9	24.04
R4157La	72	9	30.39
R4157Lb	72	10	34.02
R4157Lc	60	11	24.72
R4157Ld	65	10	28.05
R4157Le	70	10	33.75
R4157Lf	49	9	13.66
R4159La	56	6	12.8
S4161La	61	18	28.85
S4161Lb	58	17	26.98
S4161Lc	67	18	32.11
S4161Ld	61	14	24.21
S4161Le	55	8	13.2
S4161Lf	62	16	28.62
S4162La	65	32	49.25
S4162Lb	63	15	27.42
S4162Lc	66	16	31.56
S4162Ld	67	21	40.53
S4162Le	67	20	44.23
S4162Lf	69	30	57.19
S4163La	52	13	11.81
S4163Lb	62	20	25.69
S4163Lc	67	23	47.39
S4163Ld	50	14	13.92
S4163Le	68	21	30.43
S4163Lf	63	14	18.4
S4165La	62	23	74.65
S4165Lb	63	15	34.06
S4165Lc	69	10	35.43
S4165Ld	60	13	28
S4165Le	72	15	60.01
S4165Lf	69	19	52.45
S4167La	71	10	29.28
S4167Lb	78	10	33.78
S4167Lc	87	10	40.45
S4167Ld	85	9	27.55
S4167Le	73	7	14.9
S4167Lf	85	9	29.01
